0 0.028047464940668825 0.27427184466019416 0.02912621359223301 0.3050161812297735 0.041531823085221145 0.4215210355987055 0.043149946062567425 0.42394822006472493 0.05016181229773463 0.4231391585760518 0.10571736785329018 0.4085760517799353 0.10787486515641856 0.4029126213592233 0.09331175836030205 0.2613268608414239 0.08090614886731391 0.2605177993527508 0.028047464940668825 0.27427184466019416
0 0.10409924487594391 0.25728155339805825 0.10355987055016182 0.26941747572815533 0.11003236245954692 0.3122977346278317 0.1186623516720604 0.4029126213592233 0.12459546925566344 0.4045307443365696 0.14724919093851133 0.40048543689320387 0.18230852211434737 0.38996763754045305 0.18392664509169362 0.38106796116504854 0.1796116504854369 0.3592233009708738 0.1715210355987055 0.25970873786407767 0.16882416396979505 0.2459546925566343 0.16073354908306364 0.24271844660194175 0.10409924487594391 0.25728155339805825
0 0.1796116504854369 0.24190938511326862 0.1855447680690399 0.3122977346278317 0.19525350593311758 0.3851132686084142 0.2017259978425027 0.38673139158576053 0.25728155339805825 0.3713592233009709 0.25836030204962246 0.36084142394822005 0.25026968716289105 0.308252427184466 0.2481121898597627 0.2702265372168285 0.24217907227615965 0.2273462783171521 0.2168284789644013 0.2297734627831715 0.1796116504854369 0.24190938511326862
0 0.2529665587918015 0.22330097087378642 0.2686084142394822 0.36650485436893204 0.27939590075512405 0.3673139158576052 0.33063646170442285 0.3535598705501618 0.33171521035598706 0.3478964401294498 0.3144552319309601 0.2111650485436893 0.3106796116504854 0.20954692556634305 0.2529665587918015 0.22330097087378642
0 0.32470334412081986 0.20792880258899676 0.3414239482200647 0.34951456310679613 0.34681769147788566 0.3511326860841424 0.4029126213592233 0.3365695792880259 0.4039913700107875 0.3309061488673139 0.38727076591154264 0.19498381877022652 0.37648327939590076 0.19336569579288027 0.32470334412081986 0.20792880258899676
0 0.4320388349514563 0.18284789644012944 0.4487594390507012 0.32362459546925565 0.4546925566343042 0.3244336569579288 0.5086299892125135 0.3098705501618123 0.5102481121898598 0.3058252427184466 0.4924487594390507 0.1715210355987055 0.49083063646170444 0.16909385113268607 0.48058252427184467 0.16990291262135923 0.4320388349514563 0.18284789644012944
0 0.5021574973031284 0.16666666666666666 0.5199568500539374 0.3042071197411003 0.5226537216828478 0.3074433656957929 0.5782092772384034 0.29207119741100324 0.5798274002157497 0.2896440129449838 0.5787486515641855 0.2758899676375405 0.5701186623516721 0.22491909385113268 0.5614886731391586 0.15453074433656958 0.5560949298813377 0.15210355987055016 0.5021574973031284 0.16666666666666666
0 0.5717367853290184 0.14967637540453074 0.5900755124056095 0.2872168284789644 0.5954692556634305 0.2896440129449838 0.6472491909385113 0.2758899676375405 0.6488673139158576 0.2669902912621359 0.6299892125134844 0.1383495145631068 0.622437971952535 0.13592233009708737 0.5717367853290184 0.14967637540453074
0 0.6402373247033442 0.13349514563106796 0.6407766990291263 0.15048543689320387 0.6574973031283711 0.27103559870550165 0.6645091693635383 0.2726537216828479 0.7168284789644013 0.2580906148867314 0.7179072276159655 0.25 0.7119741100323624 0.22006472491909385 0.7044228694714132 0.15372168284789645 0.6984897518878102 0.12135922330097088 0.6925566343042071 0.11893203883495146 0.6402373247033442 0.13349514563106796
0 0.7087378640776699 0.11812297734627832 0.7265372168284789 0.2532362459546926 0.7335490830636462 0.255663430420712 0.7847896440129449 0.24029126213592233 0.7864077669902912 0.2354368932038835 0.7793959007551241 0.18527508090614886 0.7653721682847896 0.10194174757281553 0.7168284789644013 0.11326860841423948 0.7087378640776699 0.11812297734627832
0 0.043149946062567425 0.43851132686084143 0.05663430420711974 0.5898058252427184 0.0668824163969795 0.5898058252427184 0.12297734627831715 0.5736245954692557 0.1192017259978425 0.5129449838187702 0.10895361380798274 0.42475728155339804 0.09546925566343042 0.42394822006472493 0.043149946062567425 0.43851132686084143
0 0.1202804746494067 0.4199029126213592 0.1343042071197411 0.5679611650485437 0.1423948220064725 0.56957928802589 0.2011866235167206 0.5533980582524272 0.1855447680690399 0.4053398058252427 0.18069039913700108 0.4029126213592233 0.1202804746494067 0.4199029126213592
0 0.19687162891046386 0.40129449838187703 0.2017259978425027 0.46682847896440127 0.2076591154261057 0.5008090614886731 0.21035598705501618 0.5461165048543689 0.21305285868392665 0.5501618122977346 0.21736785329018338 0.5501618122977346 0.2740021574973031 0.5339805825242718 0.2761596548004315 0.529126213592233 0.2599784250269687 0.38673139158576053 0.2535059331175836 0.3851132686084142 0.19687162891046386 0.40129449838187703
0 0.2707659115426106 0.38349514563106796 0.2858683926645092 0.5283171521035599 0.2885652642934196 0.5307443365695793 0.2982740021574973 0.5299352750809061 0.348975188781014 0.5153721682847896 0.3505933117583603 0.5064724919093851 0.3344120819848975 0.3705501618122977 0.32793959007551243 0.3673139158576052 0.2707659115426106 0.38349514563106796
0 0.3451995685005394 0.36650485436893204 0.34951456310679613 0.4215210355987055 0.36084142394822005 0.5097087378640777 0.36461704422869473 0.511326860841424 0.42179072276159657 0.4967637540453074 0.42340884573894283 0.48381877022653724 0.40560949298813376 0.35194174757281554 0.4007551240560949 0.34951456310679613 0.35005393743257823 0.36245954692556637 0.3451995685005394 0.36650485436893204
0 0.45145631067961167 0.3389967637540453 0.46817691477885653 0.4797734627831715 0.47357065803667747 0.4830097087378641 0.5307443365695793 0.46682847896440127 0.5237324703344121 0.40372168284789645 0.5118662351672061 0.32605177993527507 0.5053937432578209 0.3244336569579288 0.4557713052858684 0.33495145631067963 0.45145631067961167 0.3389967637540453
0 0.5237324703344121 0.32038834951456313 0.5221143473570659 0.3284789644012945 0.540453074433657 0.4627831715210356 0.5431499460625674 0.465210355987055 0.5512405609492989 0.46359223300970875 0.5997842502696872 0.44983818770226536 0.6008629989212514 0.4368932038834951 0.581984897518878 0.3074433656957929 0.5490830636461704 0.3122977346278317 0.5237324703344121 0.32038834951456313
0 0.07389428263214672 0.7516181229773463 0.07173678532901834 0.7548543689320388 0.07173678532901834 0.7629449838187702 0.08576051779935275 0.9118122977346278 0.09115426105717368 0.9150485436893204 0.15426105717367852 0.8956310679611651 0.15641855447680691 0.8875404530744336 0.13969795037756202 0.7346278317152104 0.1348435814455232 0.7330097087378641 0.07389428263214672 0.7516181229773463
0 0.15156418554476808 0.7305825242718447 0.15480043149946063 0.7831715210355987 0.16774541531823084 0.8915857605177994 0.23300970873786409 0.8705501618122977 0.23408845738942827 0.8616504854368932 0.23031283710895362 0.81957928802589 0.21790722761596548 0.7135922330097088 0.20442286947141317 0.7135922330097088 0.15156418554476808 0.7305825242718447
0 0.22923408845738943 0.7079288025889967 0.22815533980582525 0.7200647249190939 0.24379719525350593 0.8656957928802589 0.25836030204962246 0.8656957928802589 0.3106796116504854 0.848705501618123 0.3117583603020496 0.8422330097087378 0.29449838187702265 0.6933656957928802 0.2896440129449838 0.6901294498381877 0.22923408845738943 0.7079288025889967
0 0.3069039913700108 0.686084142394822 0.3047464940668824 0.6933656957928802 0.3074433656957929 0.7273462783171522 0.3209277238403452 0.843042071197411 0.32524271844660196 0.8446601941747572 0.3856526429341963 0.8260517799352751 0.38673139158576053 0.8187702265372169 0.3802588996763754 0.7532362459546925 0.36947141316073356 0.6715210355987055 0.35760517799352753 0.6707119741100324 0.3069039913700108 0.686084142394822
0 0.37971952535059333 0.6658576051779935 0.37918015102481123 0.6747572815533981 0.3969795037756203 0.8211974110032363 0.40884573894282633 0.8211974110032363 0.46116504854368934 0.8033980582524272 0.46116504854368934 0.7912621359223301 0.44282632146709816 0.6504854368932039 0.43149946062567424 0.6504854368932039 0.37971952535059333 0.6658576051779935
0 0.4892125134843581 0.6359223300970874 0.49029126213592233 0.656957928802589 0.5075512405609492 0.7896440129449838 0.5361380798274002 0.7839805825242718 0.5701186623516721 0.7726537216828478 0.5711974110032363 0.7653721682847896 0.564185544768069 0.7071197411003236 0.5512405609492989 0.6213592233009708 0.5458468176914779 0.6189320388349514 0.4892125134843581 0.6359223300970874
0 0.5609492988133765 0.6181229773462783 0.5776699029126213 0.7516181229773463 0.581984897518878 0.7661812297734628 0.5852211434735707 0.7694174757281553 0.6418554476806904 0.7516181229773463 0.6434735706580367 0.7443365695792881 0.6229773462783171 0.6035598705501618 0.6197411003236246 0.6003236245954693 0.6057173678532902 0.6027508090614887 0.5658036677454154 0.6140776699029126 0.5609492988133765 0.6181229773462783
0 0.6321467098166127 0.5970873786407767 0.6531823085221143 0.7475728155339806 0.6725997842502697 0.7451456310679612 0.7141316073354909 0.732200647249191 0.7157497303128371 0.7241100323624595 0.7098166127292341 0.6957928802588996 0.6936353829557713 0.5825242718446602 0.6887810140237325 0.5800970873786407 0.6321467098166127 0.5970873786407767
0 0.7044228694714132 0.5776699029126213 0.703344120819849 0.5825242718446602 0.7238403451995685 0.7273462783171522 0.7313915857605178 0.7281553398058253 0.7864077669902912 0.7111650485436893 0.7632146709816613 0.5631067961165048 0.7583603020496225 0.5606796116504854 0.7044228694714132 0.5776699029126213
0 0.7740021574973032 0.558252427184466 0.7723840345199569 0.5614886731391586 0.7944983818770227 0.7063106796116505 0.8004314994606256 0.709546925566343 0.8554476806903991 0.6925566343042071 0.8570658036677454 0.6828478964401294 0.8344120819848975 0.5444983818770227 0.8284789644012945 0.5420711974110033 0.7740021574973032 0.558252427184466