0 0.16936353829557713 0.09951456310679611 0.17529665587918014 0.4279935275080906 0.18392664509169362 0.4312297734627832 0.2513484358144552 0.43042071197411 0.2535059331175836 0.4231391585760518 0.2464940668824164 0.10922330097087378 0.24379719525350593 0.10598705501618123 0.17529665587918014 0.09627831715210355 0.16936353829557713 0.09951456310679611
0 0.18824163969795038 0.07362459546925566 0.18500539374325783 0.0744336569579288 0.19039913700107874 0.0744336569579288 0.18824163969795038 0.07362459546925566
0 0.25728155339805825 0.11245954692556634 0.25782092772384035 0.1925566343042071 0.26105717367853293 0.24271844660194175 0.26483279395900755 0.4279935275080906 0.33117583603020495 0.4312297734627832 0.33495145631067963 0.42637540453074435 0.33495145631067963 0.4110032362459547 0.32793959007551243 0.11893203883495146 0.26537216828478966 0.11003236245954692 0.25836030204962246 0.11003236245954692 0.25728155339805825 0.11245954692556634
0 0.33926645091693636 0.12378640776699029 0.34573894282632145 0.4279935275080906 0.3478964401294498 0.43042071197411 0.4077669902912621 0.4312297734627832 0.4110032362459547 0.42880258899676377 0.4110032362459547 0.41504854368932037 0.4045307443365696 0.13349514563106796 0.4002157497303128 0.127831715210356 0.39050701186623515 0.1262135922330097 0.34735706580366776 0.12135922330097088 0.33926645091693636 0.12378640776699029
0 0.45307443365695793 0.2758899676375405 0.45307443365695793 0.2896440129449838 0.4557713052858684 0.2928802588996764 0.4665587918015103 0.2928802588996764 0.46817691477885653 0.290453074433657 0.4665587918015103 0.2750809061488673 0.45307443365695793 0.2758899676375405
0 0.41423948220064727 0.13349514563106796 0.41370010787486516 0.156957928802589 0.41639697950377563 0.18851132686084143 0.4153182308522114 0.21359223300970873 0.4180151024811219 0.25728155339805825 0.41963322545846815 0.4279935275080906 0.42394822006472493 0.4312297734627832 0.5026968716289104 0.42961165048543687 0.5048543689320388 0.4255663430420712 0.5048543689320388 0.4174757281553398 0.49784250269687164 0.14401294498381878 0.4913700107874865 0.13915857605177995 0.418554476806904 0.12944983818770225 0.41423948220064727 0.13349514563106796
0 0.5064724919093851 0.14401294498381878 0.5129449838187702 0.4255663430420712 0.5156418554476807 0.43042071197411 0.5474649406688241 0.43042071197411 0.5496224379719525 0.42880258899676377 0.5501618122977346 0.4166666666666667 0.5474649406688241 0.3794498381877023 0.5474649406688241 0.2750809061488673 0.5442286947141316 0.1529126213592233 0.5431499460625674 0.14724919093851133 0.5393743257820928 0.1448220064724919 0.5124056094929881 0.14158576051779936 0.5064724919093851 0.14401294498381878
0 0.5733549083063646 0.15048543689320387 0.5787486515641855 0.4279935275080906 0.627831715210356 0.4312297734627832 0.6903991370010788 0.42961165048543687 0.692017259978425 0.4174757281553398 0.686084142394822 0.18851132686084143 0.6828478964401294 0.1650485436893204 0.5733549083063646 0.15048543689320387
0 0.6947141316073355 0.16585760517799353 0.6941747572815534 0.220873786407767 0.6990291262135923 0.4255663430420712 0.7011866235167206 0.42880258899676377 0.7087378640776699 0.42961165048543687 0.7454153182308522 0.42961165048543687 0.7475728155339806 0.4199029126213592 0.7443365695792881 0.28236245954692557 0.7454153182308522 0.2605177993527508 0.7432578209277239 0.23624595469255663 0.7443365695792881 0.20550161812297735 0.7421790722761596 0.17475728155339806 0.7346278317152104 0.16909385113268607 0.6947141316073355 0.16585760517799353
0 0.7508090614886731 0.17313915857605178 0.749730312837109 0.22006472491909385 0.7524271844660194 0.2564724919093851 0.7513484358144552 0.29692556634304207 0.7551240560949298 0.42475728155339804 0.7572815533980582 0.42880258899676377 0.7637540453074434 0.42961165048543687 0.7944983818770227 0.42961165048543687 0.7998921251348435 0.4215210355987055 0.7961165048543689 0.24029126213592233 0.7971952535059331 0.20954692556634305 0.7950377562028047 0.1796116504854369 0.7896440129449838 0.1755663430420712 0.7508090614886731 0.17313915857605178
0 0.8031283710895362 0.17880258899676377 0.807982740021575 0.42475728155339804 0.8133764832793959 0.42961165048543687 0.8505933117583603 0.42880258899676377 0.8522114347357066 0.41504854368932037 0.8478964401294499 0.18608414239482202 0.8451995685005393 0.1820388349514563 0.8031283710895362 0.17880258899676377
0 0.17691477885652643 0.6003236245954693 0.18015102481121897 0.8713592233009708 0.18338727076591155 0.9385113268608414 0.2162891046386192 0.9352750809061489 0.25836030204962246 0.9247572815533981 0.2605177993527508 0.9110032362459547 0.255663430420712 0.593042071197411 0.2518878101402373 0.5889967637540453 0.18176914778856526 0.5922330097087378 0.17691477885652643 0.6003236245954693
0 0.2669902912621359 0.5889967637540453 0.26537216828478966 0.5914239482200647 0.26537216828478966 0.6302588996763754 0.2686084142394822 0.7192556634304207 0.2707659115426106 0.9182847896440129 0.27184466019417475 0.9207119741100324 0.28047464940668826 0.9207119741100324 0.33980582524271846 0.9077669902912622 0.3419633225458468 0.9045307443365695 0.3419633225458468 0.8381877022653722 0.33980582524271846 0.8066343042071198 0.33818770226537215 0.5865695792880259 0.3344120819848975 0.5833333333333334 0.2669902912621359 0.5889967637540453
0 0.34735706580366776 0.5857605177993528 0.3516720604099245 0.9004854368932039 0.3559870550161812 0.9045307443365695 0.41423948220064727 0.8932038834951457 0.4180151024811219 0.889967637540453 0.418554476806904 0.8794498381877023 0.41370010787486516 0.580906148867314 0.4115426105717368 0.5784789644012945 0.3969795037756203 0.5784789644012945 0.348975188781014 0.5825242718446602 0.34735706580366776 0.5857605177993528
0 0.4228694714131607 0.5792880258899676 0.42826321467098166 0.8867313915857605 0.4412081984897519 0.8875404530744336 0.48759439050701187 0.877831715210356 0.49083063646170444 0.8681229773462783 0.48705501618122976 0.7508090614886731 0.4848975188781014 0.5768608414239482 0.48220064724919093 0.5736245954692557 0.47572815533980584 0.5736245954692557 0.4250269687162891 0.5768608414239482 0.4228694714131607 0.5792880258899676
0 0.4935275080906149 0.5752427184466019 0.4994606256742179 0.8729773462783171 0.5091693635382956 0.8745954692556634 0.5533980582524272 0.8656957928802589 0.5577130528586839 0.860032362459547 0.5577130528586839 0.837378640776699 0.551779935275081 0.5711974110032363 0.540453074433657 0.56957928802589 0.49568500539374327 0.5728155339805825 0.4935275080906149 0.5752427184466019
0 0.5814455231930961 0.56957928802589 0.5868392664509169 0.8535598705501618 0.5879180151024811 0.8567961165048543 0.5954692556634305 0.8567961165048543 0.6364617044228694 0.8495145631067961 0.639697950377562 0.8446601941747572 0.639697950377562 0.8341423948220065 0.6353829557713053 0.5687702265372169 0.6332254584681769 0.5647249190938511 0.6235167206040992 0.5647249190938511 0.5841423948220065 0.5671521035598706 0.5814455231930961 0.56957928802589
0 0.6434735706580367 0.5671521035598706 0.6461704422869471 0.7459546925566343 0.6488673139158576 0.7839805825242718 0.6477885652642934 0.837378640776699 0.6531823085221143 0.8454692556634305 0.6957928802588996 0.837378640776699 0.7001078748651565 0.8325242718446602 0.7001078748651565 0.8203883495145631 0.6941747572815534 0.5631067961165048 0.6925566343042071 0.5606796116504854 0.6747572815533981 0.5606796116504854 0.6494066882416397 0.5631067961165048 0.6434735706580367 0.5671521035598706
0 0.7022653721682848 0.563915857605178 0.7081984897518878 0.830906148867314 0.7114347357065803 0.8341423948220065 0.7491909385113269 0.8268608414239482 0.7545846817691478 0.8244336569579288 0.756202804746494 0.81957928802589 0.7508090614886731 0.563915857605178 0.7481121898597627 0.5566343042071198 0.7081984897518878 0.5598705501618123 0.7022653721682848 0.563915857605178
0 0.7578209277238404 0.5598705501618123 0.7637540453074434 0.8203883495145631 0.7653721682847896 0.8236245954692557 0.7707659115426105 0.8236245954692557 0.8063646170442287 0.8163430420711975 0.8090614886731392 0.8122977346278317 0.8090614886731392 0.8050161812297735 0.8042071197411004 0.558252427184466 0.7982740021574973 0.5533980582524272 0.7605177993527508 0.5566343042071198 0.7578209277238404 0.5598705501618123
0 0.8101402373247033 0.5566343042071198 0.8112189859762675 0.6480582524271845 0.8176914778856527 0.8106796116504854 0.8220064724919094 0.813915857605178 0.8570658036677454 0.8074433656957929 0.860302049622438 0.801779935275081 0.860302049622438 0.7855987055016181 0.8543689320388349 0.5533980582524272 0.8527508090614887 0.5509708737864077 0.813915857605178 0.5525889967637541 0.8101402373247033 0.5566343042071198