0 0.13700107874865156 0.13673139158576053 0.1429341963322546 0.40129449838187703 0.15264293419633226 0.4053398058252427 0.20658036677454153 0.4045307443365696 0.20388349514563106 0.13996763754045308 0.19956850053937433 0.13511326860841424 0.17637540453074432 0.13349514563106796 0.13915857605177995 0.13349514563106796 0.13700107874865156 0.13673139158576053
0 0.21251348435814454 0.13673139158576053 0.2168284789644013 0.39805825242718446 0.21952535059331177 0.40372168284789645 0.2243797195253506 0.4053398058252427 0.2777777777777778 0.4045307443365696 0.2810140237324703 0.39563106796116504 0.2766990291262136 0.14158576051779936 0.27292340884573896 0.13754045307443366 0.21251348435814454 0.13673139158576053
0 0.28640776699029125 0.13996763754045308 0.29072276159654803 0.40129449838187703 0.29395900755124055 0.40372168284789645 0.348975188781014 0.4021035598705502 0.3516720604099245 0.39724919093851135 0.348975188781014 0.2807443365695793 0.348975188781014 0.1464401294498382 0.3478964401294498 0.14320388349514562 0.3414239482200647 0.1407766990291262 0.28640776699029125 0.13996763754045308
0 0.3592233009708738 0.1488673139158576 0.36084142394822005 0.39967637540453077 0.3629989212513484 0.4029126213592233 0.4395900755124056 0.4021035598705502 0.44228694714131606 0.39563106796116504 0.44228694714131606 0.14724919093851133 0.4374325782092772 0.14320388349514562 0.4266450916936354 0.1423948220064725 0.36245954692556637 0.14158576051779936 0.3592233009708738 0.1488673139158576
0 0.44983818770226536 0.14805825242718446 0.44983818770226536 0.3964401294498382 0.4525350593311758 0.40129449838187703 0.48651564185544766 0.40048543689320387 0.4886731391585761 0.3843042071197411 0.4886731391585761 0.14724919093851133 0.4848975188781014 0.1448220064724919 0.4525350593311758 0.14401294498381878 0.44983818770226536 0.14805825242718446
0 0.5183387270765911 0.15048543689320387 0.5188781014023732 0.40048543689320387 0.5916936353829557 0.40129449838187703 0.6380798274002157 0.39805825242718446 0.639697950377562 0.3932038834951456 0.6429341963322546 0.15129449838187703 0.6375404530744336 0.14724919093851133 0.5922330097087378 0.14563106796116504 0.5215749730312838 0.14563106796116504 0.5183387270765911 0.15048543689320387
0 0.6483279395900755 0.26779935275080907 0.6499460625674218 0.2953074433656958 0.6477885652642934 0.30663430420711973 0.6472491909385113 0.3948220064724919 0.6531823085221143 0.3988673139158576 0.6704422869471414 0.39967637540453077 0.7028047464940669 0.3964401294498382 0.7076591154261057 0.2686084142394822 0.7081984897518878 0.15048543689320387 0.6758360302049622 0.14724919093851133 0.6542610571736786 0.14724919093851133 0.651564185544768 0.15048543689320387 0.6483279395900755 0.26779935275080907
0 0.7335490830636462 0.27103559870550165 0.7340884573894283 0.28317152103559873 0.7486515641855448 0.27993527508090615 0.7464940668824164 0.2686084142394822 0.7405609492988133 0.27103559870550165 0.7367853290183387 0.26779935275080907 0.7335490830636462 0.27103559870550165
0 0.7783171521035599 0.15372168284789645 0.7783171521035599 0.23381877022653721 0.7766990291262136 0.23948220064724918 0.7734627831715211 0.3640776699029126 0.7745415318230853 0.39239482200647247 0.778856526429342 0.39563106796116504 0.8247033441208198 0.3940129449838188 0.8268608414239482 0.38673139158576053 0.8263214670981661 0.35841423948220064 0.8338727076591155 0.15372168284789645 0.831175836030205 0.15129449838187703 0.7869471413160734 0.14967637540453074 0.7799352750809061 0.15048543689320387 0.7783171521035599 0.15372168284789645
0 0.7108953613807982 0.35032362459546923 0.7103559870550162 0.3907766990291262 0.7130528586839266 0.39724919093851135 0.7626752966558792 0.39724919093851135 0.7653721682847896 0.3940129449838188 0.7718446601941747 0.16666666666666666 0.7718446601941747 0.15372168284789645 0.7696871628910464 0.15048543689320387 0.7152103559870551 0.15129449838187703 0.7108953613807982 0.35032362459546923
0 0.14563106796116504 0.5372168284789643 0.1488673139158576 0.7912621359223301 0.15048543689320387 0.7961165048543689 0.15426105717367852 0.7977346278317152 0.21035598705501618 0.7928802588996764 0.21359223300970873 0.7888349514563107 0.21359223300970873 0.7783171521035599 0.209277238403452 0.5364077669902912 0.20604099244875945 0.5323624595469255 0.2001078748651564 0.5323624595469255 0.1499460625674218 0.5339805825242718 0.14563106796116504 0.5372168284789643
0 0.21952535059331177 0.5347896440129449 0.22276159654800431 0.790453074433657 0.23247033441208198 0.7928802588996764 0.2826321467098166 0.7872168284789643 0.284789644012945 0.7823624595469255 0.28317152103559873 0.7686084142394822 0.2815533980582524 0.5331715210355987 0.27939590075512405 0.5307443365695793 0.22923408845738943 0.5315533980582524 0.21952535059331177 0.5347896440129449
0 0.2912621359223301 0.5323624595469255 0.2928802588996764 0.7823624595469255 0.29449838187702265 0.7855987055016181 0.30097087378640774 0.7864077669902912 0.3511326860841424 0.7815533980582524 0.35382955771305286 0.7726537216828478 0.3522114347357066 0.5299352750809061 0.348975188781014 0.5275080906148867 0.29341963322545844 0.529126213592233 0.2912621359223301 0.5323624595469255
0 0.36138079827400216 0.529126213592233 0.36138079827400216 0.7783171521035599 0.3629989212513484 0.7815533980582524 0.4153182308522114 0.7783171521035599 0.42017259978425026 0.7718446601941747 0.42017259978425026 0.5283171521035599 0.4110032362459547 0.5242718446601942 0.3629989212513484 0.5266990291262136 0.36138079827400216 0.529126213592233
0 0.42934196332254587 0.5258899676375405 0.42934196332254587 0.7726537216828478 0.4320388349514563 0.7766990291262136 0.4843581445523193 0.7726537216828478 0.48651564185544766 0.7694174757281553 0.48813376483279397 0.5258899676375405 0.4843581445523193 0.5218446601941747 0.42934196332254587 0.5258899676375405
0 0.5161812297734628 0.5453074433656958 0.5156418554476807 0.7645631067961165 0.5194174757281553 0.7694174757281553 0.5679611650485437 0.7669902912621359 0.5701186623516721 0.7653721682847896 0.5706580366774542 0.7572815533980582 0.5733549083063646 0.6610032362459547 0.5738942826321467 0.5234627831715211 0.5674217907227616 0.5194174757281553 0.5183387270765911 0.5218446601941747 0.5167206040992449 0.5242718446601942 0.5161812297734628 0.5453074433656958
0 0.5798274002157497 0.6318770226537217 0.5787486515641855 0.761326860841424 0.5862998921251349 0.7653721682847896 0.6326860841423948 0.7605177993527508 0.6343042071197411 0.7556634304207119 0.6370010787486515 0.6019417475728155 0.6380798274002157 0.5226537216828478 0.6364617044228694 0.5186084142394822 0.5846817691477886 0.5186084142394822 0.5825242718446602 0.5218446601941747 0.5798274002157497 0.6318770226537217
0 0.6634304207119741 0.633495145631068 0.6634304207119741 0.6448220064724919 0.6655879180151025 0.6472491909385113 0.6747572815533981 0.6488673139158576 0.6790722761596548 0.6440129449838188 0.6779935275080906 0.633495145631068 0.6758360302049622 0.6310679611650486 0.6677454153182308 0.6302588996763754 0.6634304207119741 0.633495145631068
0 0.6445523193096009 0.5558252427184466 0.6423948220064725 0.7580906148867314 0.6548004314994607 0.7605177993527508 0.6936353829557713 0.7572815533980582 0.6957928802588996 0.7532362459546925 0.6952535059331176 0.7241100323624595 0.6984897518878102 0.6254045307443366 0.7001078748651565 0.6197411003236246 0.7006472491909385 0.5202265372168284 0.6941747572815534 0.5161812297734628 0.6472491909385113 0.517799352750809 0.6445523193096009 0.5558252427184466
0 0.7076591154261057 0.5323624595469255 0.7071197411003236 0.6561488673139159 0.7028047464940669 0.7338187702265372 0.7038834951456311 0.7475728155339806 0.709277238403452 0.7564724919093851 0.7529665587918015 0.7540453074433657 0.7572815533980582 0.7475728155339806 0.756202804746494 0.7103559870550162 0.7588996763754046 0.6731391585760518 0.7621359223300971 0.5169902912621359 0.7588996763754046 0.5137540453074434 0.7098166127292341 0.5161812297734628 0.7076591154261057 0.5323624595469255
0 0.7696871628910464 0.5169902912621359 0.7648327939590076 0.7483818770226537 0.7686084142394822 0.7524271844660194 0.81445523193096 0.75 0.8166127292340885 0.7475728155339806 0.8176914778856527 0.7378640776699029 0.8236245954692557 0.5145631067961165 0.8203883495145631 0.511326860841424 0.7847896440129449 0.5121359223300971 0.7723840345199569 0.5129449838187702 0.7696871628910464 0.5169902912621359