0 0.14347357065803668 0.19336569579288027 0.14724919093851133 0.2872168284789644 0.15210355987055016 0.3389967637540453 0.15372168284789645 0.3414239482200647 0.21143473570658036 0.33980582524271846 0.21305285868392665 0.3276699029126214 0.2087378640776699 0.2726537216828479 0.20604099244875945 0.1925566343042071 0.14347357065803668 0.19336569579288027
0 0.215210355987055 0.1925566343042071 0.22276159654800431 0.33737864077669905 0.23247033441208198 0.33980582524271846 0.2826321467098166 0.33737864077669905 0.2772384034519957 0.19093851132686085 0.2745415318230852 0.18851132686084143 0.22060409924487595 0.1901294498381877 0.215210355987055 0.1925566343042071
0 0.28748651564185546 0.1901294498381877 0.2928802588996764 0.3365695792880259 0.2977346278317152 0.3389967637540453 0.35329018338727075 0.3365695792880259 0.34951456310679613 0.18932038834951456 0.32740021574973033 0.18689320388349515 0.2912621359223301 0.18770226537216828 0.28748651564185546 0.1901294498381877
0 0.36030204962243795 0.18851132686084143 0.3635382955771305 0.33495145631067963 0.36839266450916935 0.33737864077669905 0.42340884573894283 0.33576051779935273 0.4255663430420712 0.3309061488673139 0.42125134843581447 0.18851132686084143 0.418554476806904 0.18527508090614886 0.36030204962243795 0.18851132686084143
0 0.43096008629989213 0.18689320388349515 0.4320388349514563 0.28317152103559873 0.4341963322545847 0.2912621359223301 0.43473570658036675 0.3333333333333333 0.43851132686084143 0.33576051779935273 0.49514563106796117 0.3333333333333333 0.4935275080906149 0.18527508090614886 0.46440129449838186 0.1836569579288026 0.4341963322545847 0.18446601941747573 0.43096008629989213 0.18689320388349515
0 0.5393743257820928 0.1820388349514563 0.5420711974110033 0.3309061488673139 0.6019417475728155 0.3300970873786408 0.6035598705501618 0.32605177993527507 0.6019417475728155 0.18122977346278318 0.5911542610571737 0.17880258899676377 0.5393743257820928 0.1820388349514563
0 0.6121898597626753 0.18042071197411003 0.6127292340884574 0.3276699029126214 0.6154261057173679 0.3300970873786408 0.6731391585760518 0.3276699029126214 0.6752966558791802 0.3244336569579288 0.6758360302049622 0.17880258899676377 0.6591154261057174 0.17637540453074432 0.61596548004315 0.1779935275080906 0.6121898597626753 0.18042071197411003
0 0.6844660194174758 0.17880258899676377 0.6839266450916937 0.32362459546925565 0.6887810140237325 0.3284789644012945 0.7475728155339806 0.32524271844660196 0.7491909385113269 0.17475728155339806 0.6898597626752967 0.1755663430420712 0.6844660194174758 0.17880258899676377
0 0.7572815533980582 0.1836569579288026 0.7578209277238404 0.3244336569579288 0.8193096008629989 0.32281553398058255 0.8209277238403452 0.32038834951456313 0.8230852211434736 0.17475728155339806 0.8182308522114348 0.17071197411003236 0.7621359223300971 0.17313915857605178 0.7578209277238404 0.17718446601941748 0.7572815533980582 0.1836569579288026
0 0.8322545846817692 0.17718446601941748 0.8306364617044228 0.32119741100323623 0.8554476806903991 0.32362459546925565 0.8932038834951457 0.32038834951456313 0.895361380798274 0.31715210355987056 0.8985976267529665 0.16828478964401294 0.8408845738942826 0.16909385113268607 0.8338727076591155 0.17071197411003236 0.8322545846817692 0.17718446601941748
0 0.15372168284789645 0.3551779935275081 0.15156418554476808 0.36003236245954695 0.16019417475728157 0.4959546925566343 0.20280474649406688 0.49838187702265374 0.22060409924487595 0.49514563106796117 0.21359223300970873 0.3551779935275081 0.15372168284789645 0.3551779935275081
0 0.22330097087378642 0.35436893203883496 0.23031283710895362 0.494336569579288 0.23624595469255663 0.4967637540453074 0.2896440129449838 0.49514563106796117 0.284789644012945 0.3551779935275081 0.27993527508090615 0.35194174757281554 0.22330097087378642 0.35436893203883496