0 0.03128371089536138 0.09951456310679611 0.03182308522114347 0.29692556634304207 0.04638619201725998 0.30097087378640774 0.11812297734627832 0.30339805825242716 0.1202804746494067 0.29692556634304207 0.11974110032362459 0.10598705501618123 0.10625674217907227 0.10194174757281553 0.036138079827400214 0.09466019417475728 0.03128371089536138 0.09951456310679611
0 0.13214670981661272 0.10922330097087378 0.13160733549083065 0.2977346278317152 0.1332254584681769 0.30339805825242716 0.21359223300970873 0.308252427184466 0.21574973031283712 0.29692556634304207 0.215210355987055 0.11650485436893204 0.16558791801510248 0.10841423948220065 0.13700107874865156 0.10598705501618123 0.13214670981661272 0.10922330097087378
0 0.22707659115426107 0.11974110032362459 0.22653721682847897 0.30663430420711973 0.2680690399137001 0.31148867313915857 0.30312837108953616 0.3106796116504854 0.3047464940668824 0.1262135922330097 0.23247033441208198 0.1156957928802589 0.22707659115426107 0.11974110032362459
0 0.3149946062567422 0.2354368932038835 0.3149946062567422 0.3106796116504854 0.32362459546925565 0.313915857605178 0.37648327939590076 0.3179611650485437 0.3878101402373247 0.3155339805825243 0.39104638619201726 0.13592233009708737 0.38727076591154264 0.13268608414239483 0.3182308522114347 0.127831715210356 0.3149946062567422 0.2354368932038835
0 0.39913700107874867 0.2273462783171521 0.39967637540453077 0.27346278317152106 0.39751887810140235 0.30258899676375406 0.39913700107874867 0.3163430420711974 0.45792880258899676 0.32038834951456313 0.46494066882416396 0.32038834951456313 0.46817691477885653 0.31715210355987056 0.47195253505933116 0.15210355987055016 0.4703344120819849 0.1423948220064725 0.4023732470334412 0.13592233009708737 0.39913700107874867 0.2273462783171521
0 0.5183387270765911 0.17071197411003236 0.5161812297734628 0.32038834951456313 0.5431499460625674 0.3244336569579288 0.5792880258899676 0.3244336569579288 0.5836030204962244 0.1553398058252427 0.5782092772384034 0.15210355987055016 0.5226537216828478 0.14724919093851133 0.5188781014023732 0.15048543689320387 0.5183387270765911 0.17071197411003236
0 0.5911542610571737 0.18527508090614886 0.5895361380798274 0.3244336569579288 0.6494066882416397 0.3276699029126214 0.651564185544768 0.31472491909385114 0.6542610571736786 0.16262135922330098 0.6504854368932039 0.1593851132686084 0.5954692556634305 0.1553398058252427 0.5916936353829557 0.16423948220064724 0.5911542610571737 0.18527508090614886
0 0.6618122977346278 0.18527508090614886 0.6585760517799353 0.3244336569579288 0.6623516720604099 0.3284789644012945 0.7162891046386192 0.3309061488673139 0.7184466019417476 0.32281553398058255 0.7227615965480043 0.16828478964401294 0.7130528586839266 0.1650485436893204 0.6655879180151025 0.16181229773462782 0.662891046386192 0.16423948220064724 0.6618122977346278 0.18527508090614886
0 0.7276159654800431 0.2564724919093851 0.7265372168284789 0.32524271844660196 0.7281553398058253 0.3300970873786408 0.7799352750809061 0.3333333333333333 0.7826321467098166 0.3276699029126214 0.7874865156418555 0.17475728155339806 0.7432578209277239 0.16909385113268607 0.7319309600862999 0.17071197411003236 0.7297734627831716 0.18527508090614886 0.7276159654800431 0.2564724919093851
0 0.7923408845738943 0.24676375404530745 0.790722761596548 0.33171521035598706 0.807982740021575 0.33495145631067963 0.8425026968716289 0.33495145631067963 0.8451995685005393 0.32038834951456313 0.8505933117583603 0.18122977346278318 0.8419633225458468 0.17718446601941748 0.7961165048543689 0.17475728155339806 0.7923408845738943 0.24676375404530745
0 0.03128371089536138 0.3309061488673139 0.03182308522114347 0.5121359223300971 0.034519956850053934 0.5153721682847896 0.04261057173678533 0.5161812297734628 0.1186623516720604 0.5129449838187702 0.1192017259978425 0.32362459546925565 0.10895361380798274 0.31957928802589 0.03505933117583603 0.3163430420711974 0.032362459546925564 0.3179611650485437 0.03128371089536138 0.3309061488673139
0 0.13106796116504854 0.37540453074433655 0.13052858683926646 0.5105177993527508 0.1332254584681769 0.5137540453074434 0.156957928802589 0.5145631067961165 0.21251348435814454 0.511326860841424 0.21413160733549083 0.5080906148867314 0.21467098166127294 0.3284789644012945 0.20496224379719524 0.32362459546925565 0.1353829557713053 0.32119741100323623 0.13160733549083065 0.3309061488673139 0.13106796116504854 0.37540453074433655
0 0.22491909385113268 0.3794498381877023 0.22545846817691478 0.5105177993527508 0.23031283710895362 0.5129449838187702 0.3004314994606257 0.5105177993527508 0.30204962243797195 0.5080906148867314 0.3036677454153182 0.3300970873786408 0.22869471413160733 0.32605177993527507 0.22653721682847897 0.3284789644012945 0.22491909385113268 0.3794498381877023
0 0.313915857605178 0.3592233009708738 0.3122977346278317 0.5072815533980582 0.3187702265372168 0.5105177993527508 0.38457389428263217 0.5088996763754046 0.3861920172599784 0.5040453074433657 0.3878101402373247 0.3333333333333333 0.3851132686084142 0.3309061488673139 0.31715210355987056 0.32928802588996764 0.313915857605178 0.3592233009708738
0 0.3964401294498382 0.38673139158576053 0.3959007551240561 0.5080906148867314 0.4633225458468177 0.5080906148867314 0.46494066882416396 0.5048543689320388 0.4670981661272923 0.33495145631067963 0.39967637540453077 0.3325242718446602 0.3964401294498382 0.38673139158576053
0 0.5124056094929881 0.42475728155339804 0.5118662351672061 0.5056634304207119 0.5749730312837109 0.5056634304207119 0.5765911542610572 0.49838187702265374 0.5798274002157497 0.3414239482200647 0.5711974110032363 0.33818770226537215 0.5161812297734628 0.33737864077669905 0.5124056094929881 0.42475728155339804
0 0.5857605177993528 0.42071197411003236 0.5852211434735707 0.5048543689320388 0.6434735706580367 0.5040453074433657 0.6456310679611651 0.4975728155339806 0.6499460625674218 0.3454692556634304 0.6472491909385113 0.3422330097087379 0.6359223300970874 0.34061488673139156 0.5906148867313916 0.34061488673139156 0.5879180151024811 0.3511326860841424 0.5857605177993528 0.42071197411003236
0 0.030204962243797196 0.7483818770226537 0.030744336569579287 0.9037216828478964 0.04422869471413161 0.9061488673139159 0.11542610571736785 0.8940129449838188 0.11758360302049622 0.8074433656957929 0.11704422869471413 0.709546925566343 0.10409924487594391 0.7079288025889967 0.03344120819848975 0.7135922330097088 0.030744336569579287 0.7176375404530745 0.030204962243797196 0.7483818770226537
0 0.12837108953613807 0.7111650485436893 0.12837108953613807 0.8923948220064725 0.15911542610571736 0.8907766990291263 0.2076591154261057 0.8818770226537217 0.209277238403452 0.8705501618122977 0.21089536138079829 0.7030744336569579 0.2076591154261057 0.6998381877022654 0.16019417475728157 0.7022653721682848 0.13268608414239483 0.7055016181229773 0.12998921251348436 0.7063106796116505 0.12837108953613807 0.7111650485436893
0 0.22060409924487595 0.7775080906148867 0.22168284789644013 0.8171521035598706 0.21952535059331177 0.8729773462783171 0.2222222222222222 0.8802588996763754 0.27346278317152106 0.8745954692556634 0.29557713052858686 0.8681229773462783 0.2988133764832794 0.7144012944983819 0.2988133764832794 0.6966019417475728 0.2971952535059331 0.6941747572815534 0.22330097087378642 0.6990291262135923 0.22060409924487595 0.7775080906148867
0 0.3069039913700108 0.7944983818770227 0.3069039913700108 0.8673139158576052 0.3505933117583603 0.8640776699029126 0.378101402373247 0.8584142394822006 0.37971952535059333 0.8551779935275081 0.3818770226537217 0.6885113268608414 0.36947141316073356 0.686084142394822 0.31014023732470336 0.6925566343042071 0.30852211434735705 0.6990291262135923 0.30906148867313915 0.7572815533980582 0.3069039913700108 0.7944983818770227
0 0.38996763754045305 0.7394822006472492 0.3888888888888889 0.8551779935275081 0.4039913700107875 0.8567961165048543 0.4563106796116505 0.848705501618123 0.46008629989212513 0.6820388349514563 0.3932038834951456 0.686084142394822 0.39158576051779936 0.6885113268608414 0.38996763754045305 0.7394822006472492
0 0.5037756202804746 0.7823624595469255 0.5043149946062567 0.8414239482200647 0.5658036677454154 0.8341423948220065 0.56957928802589 0.6731391585760518 0.5302049622437972 0.6739482200647249 0.5070118662351673 0.6788025889967637 0.5037756202804746 0.7823624595469255
0 0.5765911542610572 0.7540453074433657 0.5749730312837109 0.830906148867314 0.5782092772384034 0.8333333333333334 0.5884573894282632 0.8325242718446602 0.6348435814455232 0.8252427184466019 0.63915857605178 0.669093851132686 0.6364617044228694 0.6666666666666666 0.580906148867314 0.6731391585760518 0.5787486515641855 0.6788025889967637 0.5765911542610572 0.7540453074433657
0 0.6472491909385113 0.6788025889967637 0.6440129449838188 0.8220064724919094 0.6542610571736786 0.8244336569579288 0.7006472491909385 0.8179611650485437 0.7028047464940669 0.8114886731391586 0.7065803667745415 0.6642394822006472 0.6984897518878102 0.6618122977346278 0.651564185544768 0.6666666666666666 0.6488673139158576 0.6699029126213593 0.6472491909385113 0.6788025889967637
0 0.7103559870550162 0.7823624595469255 0.7103559870550162 0.8147249190938511 0.7238403451995685 0.8155339805825242 0.7637540453074434 0.8090614886731392 0.7680690399137001 0.7451456310679612 0.7702265372168284 0.6699029126213593 0.7686084142394822 0.6585760517799353 0.7157497303128371 0.662621359223301 0.7130528586839266 0.6877022653721683 0.7103559870550162 0.7823624595469255
0 0.7777777777777778 0.6610032362459547 0.7766990291262136 0.7281553398058253 0.7718446601941747 0.8050161812297735 0.7745415318230853 0.808252427184466 0.7869471413160734 0.8090614886731392 0.8241639697950378 0.8033980582524272 0.8268608414239482 0.7936893203883495 0.8306364617044228 0.656957928802589 0.8284789644012945 0.6537216828478964 0.7837108953613808 0.6561488673139159 0.778856526429342 0.6577669902912622 0.7777777777777778 0.6610032362459547